outset_shadow {
  outline = (100, 100, 40, 40) (5.714286, 5.714286) (2.857143, 2.857143) (17.142859, 17.142859) (22.857143, 22.857143)
  color = (0, 0, 0, 0.5)
  dx = 20
  dy = 20
  spread = 1
  blur_radius = 4
}
