linear-gradient {
  bounds: 0 0 320 50;
  start: 0 0;
  end: 320 0;
  stops: 0 rgb(255,0,0), 0.015625 rgb(255,0,0), 0.015625 rgb(178,0,255), 0.03125 rgb(178,0,255), 0.03125 rgb(0,153,255), 0.046875 rgb(0,153,255), 0.046875 rgb(0,255,25), 0.0625 rgb(0,255,25), 0.0625 rgb(255,204,0), 0.078125 rgb(255,204,0), 0.078125 rgb(255,0,127), 0.09375 rgb(255,0,127), 0.09375 rgb(51,0,255), 0.109375 rgb(51,0,255), 0.109375 rgb(0,255,229), 0.125 rgb(0,255,229), 0.125 rgb(102,255,0), 0.140625 rgb(102,255,0), 0.140625 rgb(255,76,0), 0.15625 rgb(255,76,0), 0.15625 rgb(255,0,255), 0.171875 rgb(255,0,255), 0.171875 rgb(0,76,255), 0.1875 rgb(0,76,255), 0.1875 rgb(0,255,102), 0.203125 rgb(0,255,102), 0.203125 rgb(229,255,0), 0.21875 rgb(229,255,0), 0.21875 rgb(255,0,51), 0.234375 rgb(255,0,51), 0.234375 rgb(127,0,255), 0.25 rgb(127,0,255), 0.25 rgb(0,204,255), 0.265625 rgb(0,204,255), 0.265625 rgb(25,255,0), 0.28125 rgb(25,255,0), 0.28125 rgb(255,153,0), 0.296875 rgb(255,153,0), 0.296875 rgb(255,0,178), 0.3125 rgb(255,0,178), 0.3125 rgb(0,0,255), 0.328125 rgb(0,0,255), 0.328125 rgb(0,255,178), 0.34375 rgb(0,255,178), 0.34375 rgb(153,255,0), 0.359375 rgb(153,255,0), 0.359375 rgb(255,25,0), 0.375 rgb(255,25,0), 0.375 rgb(204,0,255), 0.390625 rgb(204,0,255), 0.390625 rgb(0,127,255), 0.40625 rgb(0,127,255), 0.40625 rgb(0,255,51), 0.421875 rgb(0,255,51), 0.421875 rgb(255,229,0), 0.4375 rgb(255,229,0), 0.4375 rgb(255,0,102), 0.453125 rgb(255,0,102), 0.453125 rgb(76,0,255), 0.46875 rgb(76,0,255), 0.46875 rgb(0,255,255), 0.484375 rgb(0,255,255), 0.484375 rgb(76,255,0), 0.5 rgb(76,255,0), 0.5 rgb(255,102,0), 0.515625 rgb(255,102,0), 0.515625 rgb(255,0,229), 0.53125 rgb(255,0,229), 0.53125 rgb(0,51,255), 0.546875 rgb(0,51,255), 0.546875 rgb(0,255,127), 0.5625 rgb(0,255,127), 0.5625 rgb(204,255,0), 0.578125 rgb(204,255,0), 0.578125 rgb(255,0,25), 0.59375 rgb(255,0,25), 0.59375 rgb(153,0,255), 0.609375 rgb(153,0,255), 0.609375 rgb(0,178,255), 0.625 rgb(0,178,255), 0.625 rgb(0,255,0), 0.640625 rgb(0,255,0), 0.640625 rgb(255,178,0), 0.65625 rgb(255,178,0), 0.65625 rgb(255,0,153), 0.671875 rgb(255,0,153), 0.671875 rgb(25,0,255), 0.6875 rgb(25,0,255), 0.6875 rgb(0,255,204), 0.703125 rgb(0,255,204), 0.703125 rgb(127,255,0), 0.71875 rgb(127,255,0), 0.71875 rgb(255,51,0), 0.734375 rgb(255,51,0), 0.734375 rgb(229,0,255), 0.75 rgb(229,0,255), 0.75 rgb(0,102,255), 0.765625 rgb(0,102,255), 0.765625 rgb(0,255,76), 0.78125 rgb(0,255,76), 0.78125 rgb(255,255,0), 0.796875 rgb(255,255,0), 0.796875 rgb(255,0,76), 0.8125 rgb(255,0,76), 0.8125 rgb(102,0,255), 0.828125 rgb(102,0,255), 0.828125 rgb(0,229,255), 0.84375 rgb(0,229,255), 0.84375 rgb(51,255,0), 0.859375 rgb(51,255,0), 0.859375 rgb(255,127,0), 0.875 rgb(255,127,0), 0.875 rgb(255,0,204), 0.890625 rgb(255,0,204), 0.890625 rgb(0,25,255), 0.90625 rgb(0,25,255), 0.90625 rgb(0,255,153), 0.921875 rgb(0,255,153), 0.921875 rgb(178,255,0), 0.9375 rgb(178,255,0), 0.9375 rgb(255,0,0), 0.953125 rgb(255,0,0), 0.953125 rgb(178,0,255), 0.96875 rgb(178,0,255), 0.96875 rgb(0,153,255), 0.984375 rgb(0,153,255), 0.984375 rgb(0,255,25), 1 rgb(0,255,25);
}
